%YAML:1.0

K: !!opencv-matrix
   rows: 3
   cols: 3
   dt: d
   data: [299.7404, 0, 320.3425,0, 299.2991, 245.1354,0, 0, 1]
d: !!opencv-matrix
   rows: 5
   cols: 1
   dt: d
   data: [-0.3033, 0.1158, -0.000200118619044976, -9.05862061661892e-05, -0.0226]

Camera.width: 636
Camera.height: 480

grid_length: 0.15
corner_in_x: 7
corner_in_y: 5
