%YAML:1.0

K: !!opencv-matrix
   rows: 3
   cols: 3
   dt: d
   data: [299.96598, 0, 312.9395,0, 300.23715, 243.1829,0, 0, 1]
d: !!opencv-matrix
   rows: 5
   cols: 1
   dt: d
   data: [-0.25527, 0.052278, -0.0001588, 0.0019681, 0]

Camera.width: 636
Camera.height: 480

grid_length: 0.15
corner_in_x: 7
corner_in_y: 5
