%YAML:1.0

K: !!opencv-matrix
   rows: 3
   cols: 3
   dt: d
   data: [1061.37439737547, 0, 980.706836288949,0, 1061.02435228316, 601.685030610243,0, 0, 1]
d: !!opencv-matrix
   rows: 5
   cols: 1
   dt: d
   data: [-0.149007007770170, 0.0729485326193990, 0.000257753168848673, -0.000207183134328829, 0]

Camera.width: 1920
Camera.height: 1200

grid_length: 0.15
corner_in_x: 7
corner_in_y: 5
